[gd_scene load_steps=10 format=3 uid="uid://cxbhubqu1f3ub"]

[ext_resource type="Script" uid="uid://dhu4603n35la1" path="res://Items/item_select.gd" id="1_7lfsd"]
[ext_resource type="PackedScene" uid="uid://nb1n07xus7be" path="res://Items/CrystalModels/crystal_5.fbx" id="1_qcxqk"]
[ext_resource type="PackedScene" uid="uid://ddj0ojw11ffpv" path="res://Items/CrystalModels/crystal_8.fbx" id="2_7lfsd"]
[ext_resource type="PackedScene" uid="uid://cnwtgmonxiw51" path="res://Items/CrystalModels/crystal_10.fbx" id="3_delg3"]
[ext_resource type="PackedScene" uid="uid://dn5j4ey3e7h2h" path="res://Items/CrystalModels/crystal_16.fbx" id="4_kwavh"]
[ext_resource type="PackedScene" uid="uid://c5t7flpwokm3l" path="res://Items/CrystalModels/crystal_18.fbx" id="5_snbjm"]

[sub_resource type="CapsuleShape3D" id="CapsuleShape3D_qcxqk"]
radius = 1.632
height = 5.884

[sub_resource type="CapsuleShape3D" id="CapsuleShape3D_7lfsd"]
radius = 1.649
height = 14.782

[sub_resource type="CapsuleShape3D" id="CapsuleShape3D_delg3"]
radius = 1.96
height = 10.323

[node name="CrystalSelect" type="Node3D"]
script = ExtResource("1_7lfsd")

[node name="Selectable1" parent="." instance=ExtResource("1_qcxqk")]
unique_name_in_owner = true
transform = Transform3D(0.25, 0.45422748, 0.93301266, -0.0669873, 1.6951998, -0.25000003, -0.9659258, 2.6151538e-08, 0.25881904, 2, 1, 0)

[node name="Option1Area" type="Area3D" parent="Selectable1"]
transform = Transform3D(0.99999976, -1.6126663e-08, -1.4901161e-08, 1.2995494e-09, 1, 1.6549325e-08, 0, 1.03102575e-08, 0.9999999, 0.16506362, 3.046875, 0.6160257)

[node name="CollisionShape3D" type="CollisionShape3D" parent="Selectable1/Option1Area"]
transform = Transform3D(0.99999994, -1.3701218e-08, -1.4901161e-08, 7.450581e-09, 1, 1.4901161e-08, -4.4703484e-08, 1.11045594e-07, 0.9999999, -0.6589251, 1.6659019, -0.5272883)
shape = SubResource("CapsuleShape3D_qcxqk")

[node name="Selectable2" parent="." instance=ExtResource("2_7lfsd")]
unique_name_in_owner = true
transform = Transform3D(0.8660254, -0.5, 0, 0.5, 0.8660254, 0, 0, 0, 1, -4, 7, 2)

[node name="Option2Area" type="Area3D" parent="Selectable2"]

[node name="CollisionShape3D" type="CollisionShape3D" parent="Selectable2/Option2Area"]
transform = Transform3D(0.99999994, 0, 1.4901163e-08, 0, 1, -4.247373e-08, -1.4901161e-08, 4.2473744e-08, 0.9999999, -0.22057652, 1.1507683, 0.3000002)
shape = SubResource("CapsuleShape3D_7lfsd")

[node name="Selectable3" parent="." instance=ExtResource("3_delg3")]
unique_name_in_owner = true
transform = Transform3D(-1, 8.444392e-08, 2.2626688e-08, 8.742278e-08, 0.9659258, 0.25881913, 0, 0.25881913, -0.9659258, 0, 4, -4)

[node name="Option3Area" type="Area3D" parent="Selectable3"]
transform = Transform3D(1, 0, 0, 0, 1, 0, 0, 0, 1, 0, 8.693333, 2.3293724)

[node name="CollisionShape3D" type="CollisionShape3D" parent="Selectable3/Option3Area"]
transform = Transform3D(1, 0, 0, 0, 1, 0, 0, 0, 1, -0.4, -4.4904847, -2.5188398)
shape = SubResource("CapsuleShape3D_delg3")

[node name="crystal_16" parent="." instance=ExtResource("4_kwavh")]

[node name="crystal_17" parent="." instance=ExtResource("4_kwavh")]

[node name="crystal_18" parent="." instance=ExtResource("5_snbjm")]
transform = Transform3D(0.9330128, 0.08709681, -0.34914392, -0.25881907, 0.8365164, -0.48296303, 0.25, 0.54097563, 0.8030226, 0, 2, 2)

[node name="crystal_20" parent="." instance=ExtResource("5_snbjm")]
transform = Transform3D(1, 0, 0, 0, 0.8660254, -0.5, 0, 0.5, 0.8660254, -2, 1, 2)

[node name="crystal_21" parent="." instance=ExtResource("5_snbjm")]
transform = Transform3D(-4.371139e-08, 0.5, 0.8660254, 0, 0.8660254, -0.5, -1, -2.1855694e-08, -3.7855173e-08, 0, 4, -1)

[node name="crystal_19" parent="." instance=ExtResource("5_snbjm")]
transform = Transform3D(-4.371139e-08, -0.5, -0.8660254, 0, 0.8660254, -0.5, 1, -2.1855694e-08, -3.7855173e-08, -3, 1, 2)

[node name="crystal_6" parent="." instance=ExtResource("1_qcxqk")]
transform = Transform3D(0.83651626, -0.4829629, -0.25881904, 0.5, 0.8660254, 0, 0.22414386, -0.12940952, 0.9659258, 0, 1, -2)

[node name="OmniLight3D" type="OmniLight3D" parent="."]
light_color = Color(1, 0.3879458, 0.3386718, 1)
light_energy = 6.29
omni_range = 6.84

[node name="Camera3D" type="Camera3D" parent="."]
unique_name_in_owner = true
transform = Transform3D(1, 0, 0, 0, 0.96814764, 0.25038, 0, -0.25038, 0.96814764, 0, 49.97, 164)
projection = 1
current = true
size = 40.205

[node name="CanvasLayer" type="CanvasLayer" parent="."]
unique_name_in_owner = true
layer = 2

[node name="Item2" type="Label" parent="CanvasLayer"]
unique_name_in_owner = true
anchors_preset = -1
anchor_right = 1.0
anchor_bottom = 1.0150001
offset_left = 247.0
offset_top = 257.0
offset_right = -856.0
offset_bottom = -377.7201
text = "Item 2"
metadata/_edit_use_anchors_ = true

[node name="Item3" type="Label" parent="CanvasLayer"]
unique_name_in_owner = true
anchors_preset = 15
anchor_right = 1.0
anchor_bottom = 1.0
offset_left = 521.0
offset_top = 173.0
offset_right = -582.0
offset_bottom = -452.0
grow_horizontal = 2
grow_vertical = 2
text = "Item 3"
metadata/_edit_use_anchors_ = true

[node name="Item1" type="Label" parent="CanvasLayer"]
unique_name_in_owner = true
anchors_preset = 15
anchor_right = 1.0
anchor_bottom = 1.0
offset_left = 765.0
offset_top = 258.0
offset_right = -338.0
offset_bottom = -367.0
grow_horizontal = 2
grow_vertical = 2
text = "Item 1"
metadata/_edit_use_anchors_ = true
